1 0.400653 1.0 1.0
2 0.213613 1.8756021403191752 0.9378010701595876
3 0.160149 2.5017514939212853 0.8339171646404284
4 0.137853 2.9063785336554155 0.7265946334138539
5 0.12854 3.116951921580831 0.6233903843161662
6 0.133792 2.9945960894522843 0.4990993482420474
7 0.119319 3.3578306891609886 0.4796900984515698
8 0.124742 3.211853265139247 0.4014816581424059
9 0.093642 4.278560902159287 0.4753956557954764
10 0.094473 4.2409259788511005 0.42409259788511006
11 0.089596 4.4717732934506005 0.4065248448591455
12 0.09802 4.087461742501531 0.3406218118751276
13 0.094908 4.221488178025035 0.32472985984807956
14 0.086673 4.622581426741892 0.33018438762442087
15 0.101616 3.9428141237600376 0.2628542749173358
16 0.096978 4.131380313060694 0.25821126956629337
17 0.095221 4.207611766312053 0.24750657448894428
18 0.090071 4.448190871645702 0.24712171509142788
19 0.08674 4.61901083698409 0.24310583352547843
20 0.083644 4.789978958442925 0.23949894792214624
21 0.088491 4.527612977590941 0.215600617980521
22 0.084124 4.7626479958157 0.21648399980980457
23 0.088282 4.538331709748307 0.1973187699890568
24 0.082049 4.883094248558788 0.20346226035661616
25 0.086123 4.652102225886232 0.18608408903544926
26 0.085352 4.6941255037960445 0.18054328860754018
27 0.079806 5.020336816780693 0.18593840062150715
28 0.085947 4.661628678138853 0.16648673850495904
29 0.082774 4.840324256409017 0.1669077329796213
30 0.081167 4.936156319686572 0.1645385439895524
31 0.083625 4.79106726457399 0.15455055692174163
32 0.079144 5.06232942484585 0.15819779452643282
33 0.086007 4.658376643761554 0.14116292859883497
34 0.081413 4.9212410794344885 0.14474238468924966
35 0.084285 4.753550453817405 0.13581572725192584
36 0.082611 4.8498747140211345 0.13471874205614262
37 0.083538 4.796056884292178 0.12962315903492375
38 0.081296 4.9283236567604805 0.12969272780948632
39 0.088333 4.535711455514926 0.11630029373115196
40 0.118768 3.37340866226593 0.08433521655664825
41 0.102916 3.8930098332620777 0.09495145934785555
42 0.086059 4.655561881964698 0.11084671147534995
43 0.103179 3.88308667461402 0.09030434127009349
44 0.103487 3.871529757360828 0.08798931266729154
45 0.086791 4.616296620617345 0.10258436934705212
46 0.083142 4.8189001948473695 0.10475869988798629
47 0.108339 3.6981419433445017 0.0786838711349894
48 0.084742 4.727915319440183 0.09849823582167049
49 0.088871 4.5082535360241245 0.09200517420457396
50 0.115088 3.4812751981092727 0.06962550396218545
